4294967279,73
4294967279,72
4294967279,71
4294967279,70
4294967279,69
4294967279,84
4294967279,83
4294967279,82
4294967279,81
4294967279,80
4294967279,79
4294967279,78
4294967279,77
4294967279,76
4294967279,75
4294967279,74
4294967278,366
4294967279,552
4294967278,365
4294967278,364
4294967278,363
4294967279,551
4294967278,362
4294967279,550
4294967279,104
4294967279,103
4294967279,102
4294967279,101
4294967279,100
4294967279,99
4294967279,98
4294967279,97
4294967279,96
4294967279,95
4294967279,94
4294967279,93
4294967279,92
4294967279,91
4294967279,90
4294967279,89
4294967279,87
4294967279,86
4294967279,85
4294967278,361
4294967279,549
4294967278,360
4294967278,359
4294967278,358
4294967279,548
4294967279,547
4294967278,154
4294967294,590
4294967279,546
4294967294,107
4294967294,394
4294967294,389
4294967294,384
4294967294,2
4294967294,1156
4294967294,90
4294967294,86
4294967294,85
4294967294,421
4294967294,1185
4294967294,29
4294967294,53
4294967294,45
4294967294,44
4294967278,357
4294967278,147
4294967278,146
4294967294,96
4294967294,89
4294967294,94
40,5
4294967278,145
40,4
40,3
40,2
40,1
4294967294,9
4294967278,144
0,7
4294967279,110
4294967279,109
4294967279,108
4294967279,107
4294967279,106
4294967279,105
4294967279,545
4294967279,128
4294967279,127
4294967279,126
4294967279,125
4294967279,124
4294967279,123
4294967279,122
4294967279,121
4294967279,120
4294967279,119
4294967279,118
4294967279,117
4294967279,116
4294967279,115
4294967279,114
4294967279,113
4294967279,112
4294967279,111
4294967294,14
4294967294,20
4294967294,13
4294967294,119
4294967294,185
4294967294,180
4294967294,173
4294967294,170
4294967294,1223
4294967294,163
4294967294,190
4294967294,1224
4294967294,93
4294967294,95
4294967294,470
4294967294,427
4294967294,472
4294967294,160
4294967294,46
4294967294,36
4294967294,115
4294967294,387
4294967294,388
4294967294,165
4294967294,113
4294967294,167
4294967294,162
4294967294,177
4294967294,126
4294967294,12
4294967294,104
4294967294,106
4294967294,166
4294967294,24
4294967294,175
4294967294,184
4294967294,176
4294967294,1191
4294967294,120
4294967294,1
4294967294,426
4294967294,416
4294967278,356
4294967278,27
4294967278,12
4294967278,11
4294967278,10
4294967278,9
4294967278,8
4294967278,7
4294967278,6
4294967278,5
4294967278,4
4294967279,132
4294967279,131
4294967279,130
4294967279,129
4294967279,544
4294967279,278
4294967278,137
4294967278,38
4294967278,37
4294967278,36
4294967278,35
4294967278,34
4294967278,33
4294967278,32
4294967278,31
4294967278,30
4294967278,29
4294967278,28
4294967278,26
4294967278,25
4294967278,24
4294967278,19
4294967278,18
4294967278,281
4294967278,17
4294967278,16
4294967278,15
4294967278,14
4294967278,13
4294967279,17
4294967279,15
4294967279,14
4294967279,13
4294967279,10
4294967279,276
4294967278,23
4294967278,22
4294967279,543
4294967279,23
4294967278,273
4294967279,22
4294967279,134
4294967278,21
4294967278,283
4294967279,288
4294967278,355
4294967278,20
4294967279,20
4294967294,42
4294967294,99
4294967294,76
4294967294,43
4294967294,419
4294967294,51
4294967294,52
4294967279,18
4294967279,287
4294967294,127
4294967294,18
4294967294,82
4294967294,1192
4294967294,92
4294967294,88
4294967278,259
4294967278,132
4294967278,131
4294967278,130
4294967278,258
4294967278,129
4294967278,128
4294967278,127
4294967278,126
4294967278,125
4294967278,124
4294967278,123
4294967278,250
4294967278,122
4294967278,121
4294967278,246
4294967278,120
4294967278,244
4294967278,119
4294967278,242
4294967278,118
4294967278,117
4294967278,116
4294967278,115
4294967278,235
4294967278,114
4294967278,233
4294967278,113
4294967278,112
4294967278,229
4294967278,111
4294967278,110
4294967278,225
4294967278,109
4294967278,223
4294967278,108
4294967278,221
4294967278,107
4294967278,106
4294967278,217
4294967278,105
4294967278,104
4294967278,103
4294967278,102
4294967278,101
4294967278,100
4294967278,99
4294967278,98
4294967278,97
4294967278,96
4294967278,95
4294967278,94
4294967278,93
4294967278,92
4294967278,91
4294967278,90
4294967278,89
4294967278,87
4294967278,86
4294967278,85
4294967278,84
4294967278,83
4294967278,82
4294967278,81
4294967278,80
4294967278,79
4294967278,78
4294967278,77
4294967278,76
4294967278,75
4294967278,174
4294967278,0
4294967278,260
4294967278,74
4294967278,73
4294967278,72
4294967278,71
4294967278,70
4294967278,69
4294967278,68
4294967278,67
4294967278,66
4294967278,65
4294967278,64
4294967278,63
4294967278,62
4294967278,61
4294967278,60
4294967278,59
4294967278,58
4294967278,57
4294967278,56
4294967278,55
4294967278,54
4294967278,53
4294967278,52
4294967278,51
4294967278,50
4294967278,49
4294967278,48
4294967278,47
4294967278,46
4294967278,45
4294967278,44
4294967278,43
4294967278,42
4294967278,41
4294967278,40
